# scripted joypad: START, then cycle the four directions
10 3
14 -
40 4
43 -
50 7
53 -
60 5
63 -
70 6
73 -
80 4
83 -
90 7
93 -
100 5
103 -
110 6
113 -
120 4
123 -
130 7
133 -
140 5
143 -
150 6
153 -
160 4
163 -
170 7
173 -
180 5
183 -
190 6
193 -
200 4
203 -
210 7
213 -
220 5
223 -
230 6
233 -
240 4
243 -
250 7
253 -
260 5
263 -
270 6
273 -
280 4
283 -
290 7
293 -
300 5
303 -
310 6
313 -
320 4
323 -
330 7
333 -
340 5
343 -
350 6
353 -
360 4
363 -
370 7
373 -
380 5
383 -
390 6
393 -
400 4
403 -
410 7
413 -
420 5
423 -
430 6
433 -
440 4
443 -
450 7
453 -
460 5
463 -
470 6
473 -
480 4
483 -
490 7
493 -
500 5
503 -
510 6
513 -
520 4
523 -
530 7
533 -
540 5
543 -
550 6
553 -
560 4
563 -
570 7
573 -
580 5
583 -
590 6
593 -
600 4
603 -
610 7
613 -
620 5
623 -
630 6
633 -
640 4
643 -
650 7
653 -
660 5
663 -
670 6
673 -
680 4
683 -
690 7
693 -
700 5
703 -
710 6
713 -
720 4
723 -
730 7
733 -
740 5
743 -
750 6
753 -
760 4
763 -
770 7
773 -
780 5
783 -
790 6
793 -
800 4
803 -
810 7
813 -
820 5
823 -
830 6
833 -
840 4
843 -
850 7
853 -
860 5
863 -
870 6
873 -
880 4
883 -
890 7
893 -
900 5
903 -
910 6
913 -
920 4
923 -
930 7
933 -
940 5
943 -
950 6
953 -
960 4
963 -
970 7
973 -
980 5
983 -
990 6
993 -
1000 4
1003 -
1010 7
1013 -
1020 5
1023 -
1030 6
1033 -
1040 4
1043 -
1050 7
1053 -
1060 5
1063 -
1070 6
1073 -
1080 4
1083 -
1090 7
1093 -
1100 5
1103 -
1110 6
1113 -
1120 4
1123 -
1130 7
1133 -
1140 5
1143 -
1150 6
1153 -
1160 4
1163 -
1170 7
1173 -
1180 5
1183 -
1190 6
1193 -
1200 4
1203 -
1210 7
1213 -
1220 5
1223 -
1230 6
1233 -
1240 4
1243 -
1250 7
1253 -
1260 5
1263 -
1270 6
1273 -
1280 4
1283 -
1290 7
1293 -
1300 5
1303 -
1310 6
1313 -
1320 4
1323 -
1330 7
1333 -
1340 5
1343 -
1350 6
1353 -
1360 4
1363 -
1370 7
1373 -
1380 5
1383 -
1390 6
1393 -
1400 4
1403 -
1410 7
1413 -
1420 5
1423 -
1430 6
1433 -
1440 4
1443 -
1450 7
1453 -
1460 5
1463 -
1470 6
1473 -
1480 4
1483 -
1490 7
1493 -
